0 0.149609 0.284722 0.167969 0.136111
0 0.313672 0.277083 0.155469 0.126389
0 0.488281 0.283333 0.173438 0.147222
0 0.666406 0.277778 0.164062 0.127778
0 0.835156 0.264583 0.184375 0.165278
0 0.873828 0.432639 0.188281 0.151389
0 0.892578 0.638194 0.191406 0.206944
0 0.694922 0.626389 0.192969 0.194444
0 0.676562 0.438889 0.175000 0.141667
0 0.492188 0.447222 0.182812 0.158333
0 0.493750 0.639583 0.179688 0.215278
0 0.302344 0.656944 0.189063 0.200000
0 0.305859 0.454861 0.175781 0.151389
0 0.123438 0.452083 0.195312 0.168056
0 0.103516 0.641667 0.186719 0.200000
