0 0.224219 0.622222 0.121875 0.152778
0 0.189844 0.742361 0.139062 0.184722
0 0.371875 0.411806 0.142188 0.190278
0 0.513281 0.293750 0.159375 0.198611
0 0.687500 0.267361 0.145313 0.251389
0 0.785547 0.581944 0.130469 0.244444
0 0.546875 0.594444 0.126563 0.141667
0 0.596094 0.745139 0.090625 0.137500
0 0.627344 0.424306 0.143750 0.181944
0 0.660937 0.612500 0.137500 0.205556
0 0.441016 0.836806 0.142969 0.156944
0 0.489062 0.455556 0.139062 0.188889
0 0.457812 0.677083 0.125000 0.140278
0 0.428125 0.565972 0.128125 0.137500
0 0.359766 0.902778 0.082031 0.119444
0 0.353125 0.754861 0.125000 0.165278
