0 0.296484 0.547222 0.149219 0.116667
0 0.377734 0.688194 0.117969 0.126389
0 0.489453 0.775694 0.128906 0.137500
0 0.508203 0.570833 0.121094 0.111111
0 0.095703 0.677778 0.099219 0.127778
0 0.161328 0.718750 0.092969 0.126389
0 0.207813 0.621528 0.109375 0.106944
0 0.156641 0.584028 0.066406 0.073611
0 0.267188 0.739583 0.117188 0.134722
0 0.589453 0.786111 0.088281 0.105556
0 0.384375 0.775000 0.093750 0.086111
0 0.433203 0.657639 0.088281 0.087500
0 0.406641 0.565278 0.100781 0.105556
0 0.391797 0.453472 0.119531 0.093056
0 0.473047 0.479861 0.096094 0.070833
0 0.599219 0.621528 0.104687 0.123611
0 0.522656 0.661806 0.103125 0.120833
0 0.599219 0.536111 0.112500 0.097222
0 0.566016 0.462500 0.108594 0.094444
