0 0.657812 0.199306 0.160938 0.129167
0 0.865625 0.211806 0.175000 0.112500
0 0.664844 0.450694 0.176563 0.134722
0 0.864062 0.454861 0.175000 0.118056
0 0.858203 0.740972 0.163281 0.143056
0 0.656641 0.738194 0.177344 0.123611
0 0.703516 0.899306 0.044531 0.065278
0 0.202344 0.918056 0.025000 0.041667
0 0.343750 0.756944 0.168750 0.119444
0 0.136328 0.736806 0.199219 0.140278
0 0.139844 0.454861 0.175000 0.140278
0 0.337891 0.452083 0.186719 0.126389
0 0.252734 0.550000 0.047656 0.058333
0 0.132422 0.209028 0.183594 0.120833
0 0.341016 0.207639 0.185156 0.143056
0 0.637109 0.067361 0.107031 0.101389
0 0.800781 0.315278 0.032812 0.058333
